               0.000              0.000000000              0.000000000              0.000000000              0.000000000              0.000000000
               3.000              0.000000000              0.000000000              0.000000000              0.000000000              0.000000000
               6.000              0.000000000              0.000000000              0.000000000              0.000000000              0.000000000
               9.000              0.000000000              0.000000000              0.000000000              0.000000000              0.000000000
              12.000              0.000000000              0.000000000              0.000000000              0.000000000              0.000000000
              15.000              0.000000000              0.000000000              0.000000000              0.000000000              0.000000000
              18.000              0.000000000              0.000000000              0.000000000              0.000000000              0.000000000
              21.000              0.000000000              0.000000000              0.000000000              0.000000000              0.000000000
              24.000              4.991373539              4.995145321              4.997841835              4.980617046              4.999222755
              27.000            279.366516113            279.643341064            279.841400146            278.578186035            279.942871094
              30.000           1590.382324219           1593.272216797           1595.341552734           1582.170898438           1596.402587891
              33.000           3354.865234375           3365.829101562           3373.691406250           3323.816406250           3377.727050781
              36.000           4074.627929688           4097.440429688           4113.830566406           4010.294677734           4122.252929688
              39.000           4072.264892578           4107.804199219           4133.398437500           3972.572998047           4146.570312500
              42.000           4108.111816406           4157.104492188           4192.475585938           3971.451660156           4210.707519531
              45.000           4093.731201172           4155.356933594           4199.960937500           3922.805908203           4222.989257812
              48.000           4118.255859375           4193.793945312           4248.615722656           3910.006591797           4276.967285156
              51.000           4056.706054688           4143.980468750           4207.484863281           3817.500732422           4240.381347656
              54.000           3922.099121094           4019.357910156           4090.319091797           3657.134521484           4127.140625000
              57.000           3937.262207031           4047.574218750           4128.273437500           3638.511230469           4170.217773438
              60.000           3924.153076172           4046.723144531           4136.628417969           3594.170410156           4183.436523438
              63.000           3872.382080078           4006.152587891           4104.541015625           3514.429687500           4155.853515625
              66.000           3881.493652344           4028.598632812           4137.093261719           3490.268066406           4193.774414062
              69.000           3867.640869141           4026.741943359           4144.395507812           3447.001708984           4205.964355469
              72.000           3807.032714844           3976.267089844           4101.753906250           3362.295166016           4167.534179688
              75.000           3688.044677734           3864.139160156           3995.063232422           3228.026855469           4063.809814453
              78.000           3610.217529297           3794.760009766           3932.341308594           3131.054687500           4004.708251953
              81.000           3647.426025391           3845.869628906           3994.208740234           3135.205810547           4072.365234375
              84.000           3666.166992188           3877.802978516           4036.428955078           3123.136474609           4120.146484375
              87.000           3650.793457031           3873.921875000           4041.619140625           3081.729248047           4130.276367188
              90.000           3606.972412109           3839.634277344           4014.971679688           3017.149658203           4107.826660156
              93.000           3543.073974609           3783.584716797           3965.328369141           2936.991943359           4061.739990234
              96.000           3493.542724609           3742.550292969           3931.224365234           2869.788574219           4031.483154297
              99.000           3544.187255859           3808.682617188           4009.626708984           2885.525634766           4116.584960938
             102.000           3529.122070312           3804.338378906           4013.984130859           2847.774658203           4125.761230469
             105.000           3436.262695312           3716.228271484           3930.080322266           2747.355957031           4044.298095703
             108.000           3428.828369141           3719.988525391           3942.995605469           2716.639160156           4062.306396484
             111.000           3340.590332031           3635.388427734           3861.772949219           2623.641601562           3983.090087891
             114.000           3366.160400391           3675.344970703           3913.447753906           2618.871826172           4041.271240234
             117.000           3383.877929688           3706.133056641           3954.955810547           2609.493408203           4088.756103516
             120.000           3370.922363281           3703.963867188           3961.829589844           2575.474121094           4100.734863281
             123.000           3341.783691406           3683.218261719           3948.274658203           2530.953857422           4091.288330078
             126.000           3270.398925781           3616.160644531           3885.313232422           2454.212402344           4030.788085938
             129.000           3350.062011719           3716.048339844           4001.718994141           2491.253662109           4156.385742188
             132.000           3342.584228516           3719.400878906           4014.311279297           2463.511962891           4174.249023438
             135.000           3213.322998047           3586.608154297           3879.523925781           2347.478759766           4038.642822266
             138.000           3166.754882812           3546.330322266           3845.021728516           2291.718261719           4007.565917969
             141.000           3203.276611328           3598.438476562           3910.221679688           2297.573730469           4080.174072266
             144.000           3117.068115234           3512.672363281           3825.647216797           2215.661621094           3996.538574219
             147.000           3122.639648438           3530.437988281           3853.956054688           2199.046630859           4030.912841797
             150.000           3163.132812500           3587.179443359           3924.465576172           2208.171142578           4109.255859375
             153.000           3063.655517578           3485.367919922           3821.700927734           2119.492919922           4006.281250000
             156.000           3073.909423828           3508.583740234           3856.229736328           2106.647705078           4047.356201172
             159.000           3095.399658203           3544.135253906           3903.980224609           2102.578613281           4102.143066406
             162.000           3026.545654297           3476.240966797           3837.824707031           2037.375854492           4037.281982422
             165.000           3001.191894531           3458.008056641           3826.304199219           2002.186523438           4029.807373047
             168.000           2986.911621094           3452.376708984           3828.650390625           1974.865966797           4036.911621094
             171.000           2962.404541016           3434.968261719           3818.016357422           1940.928466797           4030.388916016
             174.000           2958.682861328           3441.561279297           3834.028320312           1920.983886719           4051.992431641
             177.000           2918.143554688           3404.928955078           3801.614990234           1877.982299805           4022.287597656
             180.000           2833.364257812           3316.614746094           3711.494384766           1806.808105469           3931.538818359
             183.000           2855.527832031           3353.339355469           3761.231933594           1804.263305664           3988.919433594
             186.000           2854.985107422           3363.277832031           3780.875976562           1787.763183594           4014.374267578
             189.000           2843.077392578           3359.973144531           3785.793945312           1764.117309570           4024.296875000
             192.000           2840.083740234           3366.785156250           3801.822021484           1746.829345703           4045.888427734
             195.000           2781.758544922           3308.184814453           3744.175537109           1695.423583984           3989.194580078
             198.000           2788.068359375           3326.386962891           3773.449951172           1683.704589844           4025.124755859
             201.000           2768.975097656           3313.902099609           3767.650390625           1657.372192383           4023.513427734
             204.000           2826.852539062           3394.165771484           3867.859619141           1676.404541016           4135.433593750
             207.000           2811.657470703           3386.304443359           3867.374023438           1652.823242188           4139.559570312
             210.000           2633.442138672           3181.845703125           3642.196777344           1533.952514648           3903.106689453
             213.000           2588.849365234           3138.139160156           3600.507324219           1494.050781250           3863.014404297
             216.000           2622.936523438           3189.373535156           3667.437744141           1500.317626953           3939.307861328
             219.000           2614.712158203           3189.511230469           3675.946289062           1482.072753906           3953.047363281
             222.000           2566.735107422           3140.984375000           3628.269775391           1441.684814453           3906.327880859
             225.000           2570.561767578           3155.410644531           3652.994873047           1431.131103516           3937.398437500
             228.000           2591.363281250           3190.928710938           3702.393310547           1429.855590820           3995.219726562
             231.000           2536.792236328           3133.693603516           3644.261718750           1387.066040039           3937.071533203
             234.000           2503.946777344           3103.180419922           3617.158447266           1356.464965820           3912.435058594
             237.000           2508.933593750           3119.254150391           3644.153320312           1346.883789062           3946.214843750
             240.000           2510.232177734           3130.723388672           3665.798828125           1335.498291016           3974.234619141
             243.000           2494.456542969           3120.953125000           3662.665527344           1315.106933594           3975.456298828
             246.000           2437.276855469           3059.045166016           3598.108154297           1273.431884766           3909.892578125
             249.000           2439.058349609           3071.062500000           3620.483642578           1262.800659180           3938.799560547
             252.000           2442.975097656           3085.529296875           3645.589111328           1253.693481445           3970.604248047
             255.000           2364.739990234           2996.227539062           3548.127441406           1202.573364258           3868.950195312
             258.000           2334.658203125           2967.669189453           3522.413574219           1176.381835938           3845.443847656
             261.000           2338.680175781           2982.095214844           3547.454101562           1167.924438477           3877.214355469
             264.000           2357.883300781           3016.333984375           3596.493652344           1166.668701172           3935.470458984
             267.000           2321.557128906           2979.020019531           3559.821289062           1138.636352539           3899.729248047
             270.000           2292.445068359           2951.318359375           3534.983886719           1113.882080078           3877.164550781
             273.000           2312.225341797           2986.175048828           3584.789062500           1113.425292969           3936.321777344
             276.000           2322.061767578           3008.415527344           3619.688232422           1108.063720703           3979.261230469
             279.000           2333.698730469           3032.870849609           3657.194580078           1103.806152344           4025.050048828
             282.000           2283.208007812           2976.575439453           3597.362548828           1070.291381836           3963.744873047
             285.000           2276.166015625           2976.991943359           3606.172363281           1057.191284180           3978.146240234
             288.000           2283.185546875           2995.459472656           3636.599609375           1051.084106445           4016.270019531
             291.000           2269.457763672           2986.852050781           3634.326171875           1035.396240234           4018.390869141
             294.000           2228.220458984           2941.860107422           3587.669677734           1007.446289062           3971.390625000
             297.000           2209.617187500           2926.800048828           3577.603271484            989.797546387           3964.959716797
             300.000           2204.145751953           2928.800292969           3588.145019531            978.465820312           3981.244873047
             303.000           2206.215332031           2940.953369141           3611.283935547            970.462585449           4011.613769531
             306.000           2173.768066406           2906.629394531           3576.988769531            947.820800781           3977.990234375
             309.000           2099.623046875           2816.515136719           3474.049072266            907.131103516           3868.048828125
             312.000           2068.803222656           2783.945312500           3441.626220703            885.792480469           3836.374755859
             315.000           2064.174316406           2786.694580078           3452.975341797            875.699340820           3853.571289062
             318.000           2081.459228516           2818.839111328           3500.622558594            875.169738770           3911.220458984
             321.000           2100.642333984           2853.873779297           3552.186279297            875.252136230           3973.448242188
             324.000           2058.466308594           2805.398437500           3499.715576172            849.993835449           3919.267822266
             327.000           1996.569091797           2729.721679688           3413.064941406            816.965820312           3826.683593750
             330.000           2002.693969727           2746.705078125           3442.010009766            812.155212402           3863.570068359
             333.000           2006.344482422           2760.578125000           3467.353271484            806.192260742           3896.599121094
             336.000           1993.653076172           2751.898681641           3464.352783203            793.808532715           3897.781250000
             339.000           1971.424194336           2729.708251953           3444.074462891            778.000366211           3879.384277344
             342.000           2019.082031250           2804.524658203           3546.448242188            789.663940430           3999.306152344
             345.000           1997.145141602           2782.494140625           3526.232421875            774.333618164           3980.928955078
             348.000           1908.275634766           2667.414306641           3388.323486328            732.974609375           3829.829101562
             351.000           1880.366333008           2636.919677734           3357.336425781            715.609130859           3799.297119141
             354.000           1887.360961914           2655.166259766           3388.261962891            711.768127441           3838.759033203
             357.000           1915.436767578           2703.036132812           3457.001464844            715.982788086           3921.084716797
             360.000           1876.843017578           2656.930908203           3405.691406250            695.269714355           3867.339843750
             363.000           1865.423950195           2649.219726562           3403.568847656            684.756896973           3869.449951172
             366.000           1820.916625977           2593.863769531           3339.674560547            662.654541016           3801.021728516
             369.000           1793.577880859           2563.334472656           3308.127685547            646.603027344           3769.647216797
             372.000           1823.763549805           2614.674316406           3381.963134766            651.611145020           3858.212402344
             375.000           1834.695556641           2638.889648438           3421.199218750            649.472534180           3907.604980469
             378.000           1810.470581055           2612.146240234           3394.047851562            635.234680176           3880.998291016
             381.000           1729.348510742           2502.875000000           3259.300537109            601.404724121           3731.160156250
             384.000           1766.776611328           2565.421386719           3348.564208984            608.706420898           3837.935058594
             387.000           1774.615844727           2584.808837891           3381.352783203            606.012817383           3879.913574219
             390.000           1714.386718750           2505.231933594           3284.889404297            580.020202637           3773.721679688
             393.000           1692.618408203           2481.145263672           3260.558837891            567.575988770           3750.042724609
             396.000           1714.744506836           2521.580322266           3321.227050781            569.798522949           3824.261474609
             399.000           1676.504638672           2472.880126953           3264.188720703            552.257263184           3762.780273438
             402.000           1633.879028320           2417.855712891           3198.978027344            533.238647461           3691.996337891
             405.000           1697.853759766           2520.520019531           3342.383544922            549.111999512           3861.986816406
             408.000           1697.943115234           2528.738525391           3360.961669922            544.138793945           3888.004394531
             411.000           1635.862548828           2443.946533203           3255.559326172            519.560058594           3770.401611328
             414.000           1635.821899414           2451.729003906           3273.410156250            514.812744141           3795.520751953
             417.000           1682.757080078           2530.027099609           3385.553955078            524.841003418           3930.073486328
             420.000           1639.191650391           2472.190185547           3315.504150391            506.738128662           3853.129882812
             423.000           1616.211059570           2445.455322266           3287.261474609            495.022155762           3824.844726562
             426.000           1630.848266602           2475.364990234           3334.940429688            495.042785645           3884.780517578
             429.000           1607.166015625           2447.198486328           3304.499511719            483.436431885           3853.805664062
             432.000           1592.937255859           2433.212402344           3293.041015625            474.847930908           3844.884521484
             435.000           1561.998901367           2393.418945312           3246.421142578            461.488189697           3794.785156250
             438.000           1553.255981445           2387.636474609           3245.975830078            454.736755371           3798.699707031
             441.000           1547.723510742           2386.613281250           3251.869140625            449.070617676           3809.968505859
             444.000           1515.918090820           2344.972167969           3202.355468750            435.885803223           3756.298095703
             447.000           1529.729858398           2373.952148438           3249.379882812            435.838745117           3815.938232422
             450.000           1517.229370117           2362.030029297           3240.391845703            428.379028320           3809.798095703
             453.000           1516.110107422           2367.967773438           3256.084228516            424.108154297           3832.798828125
             456.000           1513.208129883           2370.828613281           3267.299072266            419.536041260           3850.395751953
             459.000           1481.203491211           2328.116699219           3215.771728516            406.927703857           3794.105712891
             462.000           1460.869628906           2303.275634766           3188.502197266            397.807830811           3766.193603516
             465.000           1453.657104492           2299.300537109           3190.332763672            392.215728760           3772.798339844
             468.000           1450.751098633           2301.795654297           3200.842529297            387.996337891           3789.501464844
             471.000           1418.780883789           2258.264404297           3147.473632812            376.003631592           3730.668457031
             474.000           1436.095336914           2293.246337891           3203.639892578            377.082580566           3801.746093750
             477.000           1410.554199219           2259.504638672           3163.550781250            367.086791992           3758.461914062
             480.000           1366.072021484           2195.299560547           3080.725097656            352.258331299           3664.367431641
             483.000           1387.971435547           2237.428222656           3146.816650391            354.744964600           3747.233154297
             486.000           1367.159790039           2210.729248047           3116.166015625            346.341491699           3714.947998047
             489.000           1350.098266602           2190.242675781           3094.459960938            338.860473633           3693.456054688
             492.000           1365.924072266           2222.989257812           3147.882080078            339.725006104           3761.599853516
             495.000           1327.225585938           2166.732666016           3075.037841797            327.181518555           3678.732177734
             498.000           1286.723632812           2107.393310547           2997.717285156            314.289916992           3590.462158203